001000070000000000000063908380000000000307085517550000000000000000003000000000000000
001000070000000000000063908380000000000307085517550000000013092890005000000000274951
001042640000000000000263629380000000000306394537380000000033300000005000000000699300
001042640000000000000263629380000000000306394537380000000001018260006000000000027493
001000070000000000000064538480000000000307085517550000000000000000003000000000000000
001000070000000000000064538480000000000307085517550000000013092890005000000000274951
001002050000000000000005821380000000000305378828710000000002230580005000000000046842
003001060000000000000001350380000000000305378828710000000002230580005000000000046842
001000070000000000000065803280000000000307085517550000000000000000003000000000000000
001000070000000000000065803280000000000307085517550000000017675370005000000000371183
001042640000000000000311136180000000000306394537380000000030706400005000000000644834
001042640000000000000311136180000000000306394537380000000000012900006000000000000348
001042640000000000000325074480000000000306394537380000000038171600005000000000801604
001000010000000000000017516380000000000307114427540000000000000000003000000000000000
001000010000000000000017516380000000000307114427540000000131692100005000000002765534
001000110000000000000000014880000000000307165401340000002380000000005000000049980000
003000110000000000000000001580000000000307165401340000002380000000005000000049980000
001000060000000000000000016380000000000202505059070000000578000000005000000012138000
003000060000000000000000001580000000000202505059070000000578000000005000000012138000
001000070000000000000066706280000000000307085517550000000000000000003000000000000000
001000070000000000000066706280000000000307085517550000000027228920005000000000571807
001024660000000000000061366180000000000306788143570000000006638000006000000000179226
002000050000000000000003302580000000000307026529750000000000195880005000000000004114
001001050000000000000144342080000000000305378828710000000018049580005000000000379041
001024660000000000000063585180000000000306788143570000000010623000006000000000286821
003000010000000000000000006280000000000307171813160000037500000000005000000787500000
001000040000000000000000231280000000000270373371590000000195500000005000000004105500
001000040000000000000000232680000000000270373371590000000016000000005000000000336000
001000030000000000000000004880000000000203191844580000000600000000005000000012600000
001000030000000000000000012780000000000202714688230000000628100000005000000013190100
001000030000000000000000205080000000000202783213210000000093100000005000000001955100
001000030000000000000000206080000000000202783213210000000109000000005000000002289000
